focal length: 725
principal x: 324
principal y: 244
distortion: 0
q0: -0.01
q1, q2: 0
q3: 1
tx: -20
ty: -55
tz: 3853

