f: 713.082067
p_x: 324
p_y: 244
dist: -0.000013
q0-q3: 0
tx: -20
ty: -20
tz: 3889
